-7.422816753387451172e-01 -5.248231291770935059e-01
-7.149693369865417480e-01 -3.189304172992706299e-01
-6.838494539260864258e-01 -1.249382644891738892e-01
-6.478375792503356934e-01 6.728628277778625488e-02
-5.713343620300292969e-01 2.710893750190734863e-01
-4.605593681335449219e-01 4.443708658218383789e-01
-3.022059798240661621e-01 6.032192111015319824e-01
-1.073131337761878967e-01 7.365396022796630859e-01
7.823244482278823853e-02 7.671749591827392578e-01
2.556992173194885254e-01 7.252666354179382324e-01
4.220666885375976562e-01 5.686467289924621582e-01
5.465951561927795410e-01 4.034869074821472168e-01
6.354303359985351562e-01 2.328346967697143555e-01
6.795405149459838867e-01 5.324134975671768188e-02
7.005259394645690918e-01 -1.154814362525939941e-01
7.279772162437438965e-01 -2.969020605087280273e-01
7.393920421600341797e-01 -5.184527635574340820e-01
-6.060743331909179688e-01 -5.184803605079650879e-01
-5.154280066490173340e-01 -6.663964390754699707e-01
-3.572004735469818115e-01 -6.713650226593017578e-01
-1.896714121103286743e-01 -6.322667002677917480e-01
-4.760412871837615967e-02 -5.732793211936950684e-01
1.688291281461715698e-01 -5.767979621887207031e-01
3.064680993556976318e-01 -6.389611959457397461e-01
4.644272923469543457e-01 -6.861286163330078125e-01
6.000198721885681152e-01 -6.897574663162231445e-01
6.685599684715270996e-01 -5.487997531890869141e-01
6.499812006950378418e-02 -4.009393453598022461e-01
7.459465414285659790e-02 -2.474939078092575073e-01
8.040101081132888794e-02 -1.236394494771957397e-01
8.610790222883224487e-02 8.879391243681311607e-04
-7.182542979717254639e-02 7.882292568683624268e-02
-1.015127636492252350e-03 1.096887588500976562e-01
7.239429652690887451e-02 1.344627887010574341e-01
1.434538215398788452e-01 1.082197427749633789e-01
2.078147232532501221e-01 7.503896206617355347e-02
-4.490487277507781982e-01 -3.982537090778350830e-01
-3.492617607116699219e-01 -4.471173584461212158e-01
-2.431073188781738281e-01 -4.408369064331054688e-01
-1.514447629451751709e-01 -3.806206881999969482e-01
-2.399365454912185669e-01 -3.426663279533386230e-01
-3.412123918533325195e-01 -3.385793268680572510e-01
2.544949948787689209e-01 -3.881307542324066162e-01
3.513764142990112305e-01 -4.474686980247497559e-01
4.564600586891174316e-01 -4.580441415309906006e-01
5.429597496986389160e-01 -4.173630177974700928e-01
4.453917145729064941e-01 -3.550309836864471436e-01
3.458906412124633789e-01 -3.545245528221130371e-01
-2.231538444757461548e-01 2.941798269748687744e-01
-1.252185255289077759e-01 2.838203608989715576e-01
-8.123245061142370105e-05 2.870306074619293213e-01
7.196567952632904053e-02 2.956826984882354736e-01
1.449452042579650879e-01 2.848927378654479980e-01
2.614571154117584229e-01 2.783213555812835693e-01
3.562248647212982178e-01 2.757942676544189453e-01
2.836819589138031006e-01 3.727577328681945801e-01
1.719741672277450562e-01 4.204816818237304688e-01
9.282430261373519897e-02 4.306712746620178223e-01
1.195456832647323608e-02 4.246938526630401611e-01
-1.212790757417678833e-01 3.866032660007476807e-01
-2.160647213459014893e-01 2.951166629791259766e-01
-9.356935508549213409e-03 3.285630345344543457e-01
6.849820166826248169e-02 3.298696577548980713e-01
1.464560925960540771e-01 3.262843787670135498e-01
3.535020053386688232e-01 2.757087647914886475e-01
1.707998812198638916e-01 3.428949415683746338e-01
9.153456240892410278e-02 3.495149612426757812e-01
5.128464661538600922e-03 3.481460213661193848e-01
