-7.569396495819091797e-01 -5.369545817375183105e-01 -1.306226402521133423e-01 1.000000000000000000e+00
-7.443700432777404785e-01 -3.428207337856292725e-01 -5.897342786192893982e-02 1.000000000000000000e+00
-7.109416127204895020e-01 -1.256165355443954468e-01 1.302779279649257660e-02 1.000000000000000000e+00
-6.438614726066589355e-01 7.560848444700241089e-02 -5.829948931932449341e-03 0.000000000000000000e+00
-5.625924468040466309e-01 2.836910486221313477e-01 -9.367475658655166626e-02 1.000000000000000000e+00
-4.394202232360839844e-01 4.691289961338043213e-01 -2.416977286338806152e-01 1.000000000000000000e+00
-2.901735603809356689e-01 6.158702373504638672e-01 -3.414033353328704834e-01 1.000000000000000000e+00
-1.052044481039047241e-01 7.387043237686157227e-01 -4.653695523738861084e-01 1.000000000000000000e+00
8.781573921442031860e-02 7.685967087745666504e-01 -4.622113406658172607e-01 1.000000000000000000e+00
2.507394254207611084e-01 7.275229096412658691e-01 -4.405805766582489014e-01 1.000000000000000000e+00
3.961936235427856445e-01 5.966148376464843750e-01 -2.940330505371093750e-01 1.000000000000000000e+00
5.135044455528259277e-01 4.448384344577789307e-01 -1.819492578506469727e-01 1.000000000000000000e+00
5.963929891586303711e-01 2.547194957733154297e-01 -2.615039795637130737e-02 0.000000000000000000e+00
6.486662030220031738e-01 4.293249174952507019e-02 6.563462316989898682e-02 0.000000000000000000e+00
7.054030299186706543e-01 -1.556674987077713013e-01 8.883924782276153564e-02 1.000000000000000000e+00
7.367718219757080078e-01 -3.730641901493072510e-01 1.381559204310178757e-02 1.000000000000000000e+00
7.601981759071350098e-01 -5.693051218986511230e-01 -5.019979923963546753e-02 1.000000000000000000e+00
-6.060743331909179688e-01 -5.184803605079650879e-01 -6.259916424751281738e-01 1.000000000000000000e+00
-5.154280066490173340e-01 -6.663964390754699707e-01 -8.211926221847534180e-01 1.000000000000000000e+00
-3.572004735469818115e-01 -6.713650226593017578e-01 -9.625038504600524902e-01 1.000000000000000000e+00
-1.896714121103286743e-01 -6.322667002677917480e-01 -1.019662618637084961e+00 1.000000000000000000e+00
-4.760412871837615967e-02 -5.732793211936950684e-01 -1.023704171180725098e+00 1.000000000000000000e+00
1.688291281461715698e-01 -5.767979621887207031e-01 -1.013406634330749512e+00 1.000000000000000000e+00
3.064680993556976318e-01 -6.389611959457397461e-01 -9.981589913368225098e-01 1.000000000000000000e+00
4.644272923469543457e-01 -6.861286163330078125e-01 -9.194450378417968750e-01 1.000000000000000000e+00
6.000198721885681152e-01 -6.897574663162231445e-01 -7.551889419555664062e-01 1.000000000000000000e+00
6.685599684715270996e-01 -5.487997531890869141e-01 -5.513830780982971191e-01 1.000000000000000000e+00
6.499812006950378418e-02 -4.009393453598022461e-01 -1.006532430648803711e+00 1.000000000000000000e+00
7.459465414285659790e-02 -2.474939078092575073e-01 -1.067582726478576660e+00 1.000000000000000000e+00
8.040101081132888794e-02 -1.236394494771957397e-01 -1.126556396484375000e+00 1.000000000000000000e+00
8.610790222883224487e-02 8.879391243681311607e-04 -1.167771816253662109e+00 1.000000000000000000e+00
-7.182542979717254639e-02 7.882292568683624268e-02 -9.170871376991271973e-01 1.000000000000000000e+00
-1.015127636492252350e-03 1.096887588500976562e-01 -9.451275467872619629e-01 1.000000000000000000e+00
7.239429652690887451e-02 1.344627887010574341e-01 -9.564506411552429199e-01 1.000000000000000000e+00
1.434538215398788452e-01 1.082197427749633789e-01 -9.396749734878540039e-01 1.000000000000000000e+00
2.078147232532501221e-01 7.503896206617355347e-02 -9.027931094169616699e-01 1.000000000000000000e+00
-4.490487277507781982e-01 -3.982537090778350830e-01 -7.991493940353393555e-01 1.000000000000000000e+00
-3.492617607116699219e-01 -4.471173584461212158e-01 -9.103291034698486328e-01 1.000000000000000000e+00
-2.431073188781738281e-01 -4.408369064331054688e-01 -9.111986756324768066e-01 1.000000000000000000e+00
-1.514447629451751709e-01 -3.806206881999969482e-01 -8.563910722732543945e-01 1.000000000000000000e+00
-2.399365454912185669e-01 -3.426663279533386230e-01 -8.679541945457458496e-01 1.000000000000000000e+00
-3.412123918533325195e-01 -3.385793268680572510e-01 -8.625459671020507812e-01 1.000000000000000000e+00
2.544949948787689209e-01 -3.881307542324066162e-01 -8.348549604415893555e-01 1.000000000000000000e+00
3.513764142990112305e-01 -4.474686980247497559e-01 -8.793433308601379395e-01 1.000000000000000000e+00
4.564600586891174316e-01 -4.580441415309906006e-01 -8.668446540832519531e-01 1.000000000000000000e+00
5.429597496986389160e-01 -4.173630177974700928e-01 -7.432849407196044922e-01 1.000000000000000000e+00
4.453917145729064941e-01 -3.550309836864471436e-01 -8.201559782028198242e-01 1.000000000000000000e+00
3.458906412124633789e-01 -3.545245528221130371e-01 -8.380129337310791016e-01 1.000000000000000000e+00
-2.231538444757461548e-01 2.941798269748687744e-01 -6.738702654838562012e-01 1.000000000000000000e+00
-1.252185255289077759e-01 2.838203608989715576e-01 -8.058739900588989258e-01 1.000000000000000000e+00
-8.123245061142370105e-05 2.870306074619293213e-01 -8.755240440368652344e-01 1.000000000000000000e+00
7.196567952632904053e-02 2.956826984882354736e-01 -8.786532282829284668e-01 1.000000000000000000e+00
1.449452042579650879e-01 2.848927378654479980e-01 -8.697833418846130371e-01 1.000000000000000000e+00
2.614571154117584229e-01 2.783213555812835693e-01 -7.858070135116577148e-01 1.000000000000000000e+00
3.562248647212982178e-01 2.757942676544189453e-01 -6.349616646766662598e-01 1.000000000000000000e+00
2.836819589138031006e-01 3.727577328681945801e-01 -7.091705203056335449e-01 1.000000000000000000e+00
1.719741672277450562e-01 4.204816818237304688e-01 -7.878941893577575684e-01 1.000000000000000000e+00
9.282430261373519897e-02 4.306712746620178223e-01 -8.021641969680786133e-01 1.000000000000000000e+00
1.195456832647323608e-02 4.246938526630401611e-01 -7.980749607086181641e-01 1.000000000000000000e+00
-1.212790757417678833e-01 3.866032660007476807e-01 -7.370527386665344238e-01 1.000000000000000000e+00
-2.160647213459014893e-01 2.951166629791259766e-01 -6.713211536407470703e-01 1.000000000000000000e+00
-9.356935508549213409e-03 3.285630345344543457e-01 -7.929867506027221680e-01 0.000000000000000000e+00
6.849820166826248169e-02 3.298696577548980713e-01 -7.973824143409729004e-01 0.000000000000000000e+00
1.464560925960540771e-01 3.262843787670135498e-01 -7.866137623786926270e-01 0.000000000000000000e+00
3.535020053386688232e-01 2.757087647914886475e-01 -6.359711885452270508e-01 1.000000000000000000e+00
1.707998812198638916e-01 3.428949415683746338e-01 -7.713943123817443848e-01 1.000000000000000000e+00
9.153456240892410278e-02 3.495149612426757812e-01 -7.915862202644348145e-01 1.000000000000000000e+00
5.128464661538600922e-03 3.481460213661193848e-01 -7.806390523910522461e-01 1.000000000000000000e+00
